surfa_______________:       0.0000000000     0.0000000000    21.8560000000      
         3       208
CA      CA      
  2.502404E-02  0.000000E+00
  7.507212E-02  0.000000E+00
  1.251202E-01  0.000000E+00
  1.751683E-01  0.000000E+00
  2.252163E-01  0.000000E+00
  2.752644E-01  0.000000E+00
  3.253125E-01  0.000000E+00
  3.753606E-01  0.000000E+00
  4.254087E-01  0.000000E+00
  4.754567E-01  0.000000E+00
  5.255048E-01  0.000000E+00
  5.755529E-01  0.000000E+00
  6.256010E-01  0.000000E+00
  6.756490E-01  0.000000E+00
  7.256971E-01  0.000000E+00
  7.757452E-01  0.000000E+00
  8.257933E-01  0.000000E+00
  8.758413E-01  0.000000E+00
  9.258894E-01  0.000000E+00
  9.759375E-01  0.000000E+00
  1.025986E+00  0.000000E+00
  1.076034E+00  0.000000E+00
  1.126082E+00  0.000000E+00
  1.176130E+00  0.000000E+00
  1.226178E+00  0.000000E+00
  1.276226E+00  0.000000E+00
  1.326274E+00  0.000000E+00
  1.376322E+00  0.000000E+00
  1.426370E+00  0.000000E+00
  1.476418E+00  0.000000E+00
  1.526466E+00  0.000000E+00
  1.576514E+00  0.000000E+00
  1.626563E+00  0.000000E+00
  1.676611E+00  0.000000E+00
  1.726659E+00  0.000000E+00
  1.776707E+00  0.000000E+00
  1.826755E+00  0.000000E+00
  1.876803E+00  0.000000E+00
  1.926851E+00  0.000000E+00
  1.976899E+00  0.000000E+00
  2.026947E+00  0.000000E+00
  2.076995E+00  0.000000E+00
  2.127043E+00  0.000000E+00
  2.177091E+00  0.000000E+00
  2.227139E+00  0.000000E+00
  2.277188E+00  0.000000E+00
  2.327236E+00  0.000000E+00
  2.377284E+00  0.000000E+00
  2.427332E+00  0.000000E+00
  2.477380E+00  0.000000E+00
  2.527428E+00  0.000000E+00
  2.577476E+00  0.000000E+00
  2.627524E+00  0.000000E+00
  2.677572E+00  0.000000E+00
  2.727620E+00  0.000000E+00
  2.777668E+00  0.000000E+00
  2.827716E+00  0.000000E+00
  2.877764E+00  4.388267E-04
  2.927812E+00  0.000000E+00
  2.977861E+00  1.229467E-03
  3.027909E+00  7.927734E-04
  3.077957E+00  1.918006E-03
  3.128005E+00  9.285609E-03
  3.178053E+00  1.475255E-02
  3.228101E+00  3.382854E-02
  3.278149E+00  6.222523E-02
  3.328197E+00  1.227043E-01
  3.378245E+00  2.114425E-01
  3.428293E+00  3.843456E-01
  3.478341E+00  5.998472E-01
  3.528389E+00  8.973421E-01
  3.578438E+00  1.305788E+00
  3.628486E+00  1.723257E+00
  3.678534E+00  2.261364E+00
  3.728582E+00  2.780347E+00
  3.778630E+00  3.187737E+00
  3.828678E+00  3.534092E+00
  3.878726E+00  3.810655E+00
  3.928774E+00  3.904430E+00
  3.978822E+00  3.962008E+00
  4.028870E+00  3.786047E+00
  4.078918E+00  3.569420E+00
  4.128966E+00  3.260438E+00
  4.179014E+00  2.855271E+00
  4.229063E+00  2.449156E+00
  4.279111E+00  2.104613E+00
  4.329159E+00  1.701570E+00
  4.379207E+00  1.369736E+00
  4.429255E+00  1.092395E+00
  4.479303E+00  8.536632E-01
  4.529351E+00  6.602334E-01
  4.579399E+00  5.108821E-01
  4.629447E+00  3.554212E-01
  4.679495E+00  2.710182E-01
  4.729543E+00  2.139724E-01
  4.779591E+00  1.509716E-01
  4.829639E+00  1.290065E-01
  4.879688E+00  1.101955E-01
  4.929736E+00  1.000437E-01
  4.979784E+00  1.210514E-01
  5.029832E+00  1.458042E-01
  5.079880E+00  1.874486E-01
  5.129928E+00  2.309005E-01
  5.179976E+00  2.706145E-01
  5.230024E+00  3.385347E-01
  5.280072E+00  4.273075E-01
  5.330120E+00  4.985029E-01
  5.380168E+00  5.712563E-01
  5.430216E+00  6.588797E-01
  5.480264E+00  7.257965E-01
  5.530312E+00  7.786680E-01
  5.580361E+00  8.228824E-01
  5.630409E+00  8.634598E-01
  5.680457E+00  8.488749E-01
  5.730505E+00  8.300174E-01
  5.780553E+00  7.859067E-01
  5.830601E+00  7.374089E-01
  5.880649E+00  6.774101E-01
  5.930697E+00  5.858460E-01
  5.980745E+00  5.236556E-01
  6.030793E+00  4.600430E-01
  6.080841E+00  4.074872E-01
  6.130889E+00  3.667313E-01
  6.180937E+00  3.511134E-01
  6.230986E+00  3.630935E-01
  6.281034E+00  3.956518E-01
  6.331082E+00  4.662174E-01
  6.381130E+00  5.734430E-01
  6.431178E+00  6.948610E-01
  6.481226E+00  8.741608E-01
  6.531274E+00  1.062132E+00
  6.581322E+00  1.252697E+00
  6.631370E+00  1.487160E+00
  6.681418E+00  1.698854E+00
  6.731466E+00  1.894005E+00
  6.781514E+00  2.061342E+00
  6.831563E+00  2.193687E+00
  6.881611E+00  2.232651E+00
  6.931659E+00  2.276089E+00
  6.981707E+00  2.236641E+00
  7.031755E+00  2.110763E+00
  7.081803E+00  2.018425E+00
  7.131851E+00  1.821428E+00
  7.181899E+00  1.646195E+00
  7.231947E+00  1.458250E+00
  7.281995E+00  1.272625E+00
  7.332043E+00  1.089685E+00
  7.382091E+00  9.588540E-01
  7.432139E+00  8.201858E-01
  7.482188E+00  7.391403E-01
  7.532236E+00  6.810517E-01
  7.582284E+00  6.535057E-01
  7.632332E+00  6.579399E-01
  7.682380E+00  6.675607E-01
  7.732428E+00  7.125576E-01
  7.782476E+00  7.580857E-01
  7.832524E+00  7.903700E-01
  7.882572E+00  8.421303E-01
  7.932620E+00  8.448209E-01
  7.982668E+00  8.691072E-01
  8.032716E+00  8.703079E-01
  8.082764E+00  8.491610E-01
  8.132812E+00  8.256650E-01
  8.182861E+00  7.885126E-01
  8.232909E+00  7.555242E-01
  8.282957E+00  7.387937E-01
  8.333005E+00  7.141925E-01
  8.383053E+00  7.033115E-01
  8.433101E+00  7.063841E-01
  8.483149E+00  7.346869E-01
  8.533197E+00  7.988633E-01
  8.583245E+00  8.642105E-01
  8.633293E+00  9.457903E-01
  8.683341E+00  1.026642E+00
  8.733389E+00  1.118497E+00
  8.783437E+00  1.205983E+00
  8.833486E+00  1.280103E+00
  8.883534E+00  1.330468E+00
  8.933582E+00  1.350256E+00
  8.983630E+00  1.348898E+00
  9.033678E+00  1.322815E+00
  9.083726E+00  1.241949E+00
  9.133774E+00  1.185728E+00
  9.183822E+00  1.100924E+00
  9.233870E+00  9.915858E-01
  9.283918E+00  9.019910E-01
  9.333966E+00  8.039941E-01
  9.384014E+00  7.211547E-01
  9.434062E+00  6.508442E-01
  9.484111E+00  5.937716E-01
  9.534159E+00  5.488929E-01
  9.584207E+00  5.169048E-01
  9.634255E+00  5.009376E-01
  9.684303E+00  4.956183E-01
  9.734351E+00  4.990111E-01
  9.784399E+00  5.092557E-01
  9.834447E+00  5.367770E-01
  9.884495E+00  5.610008E-01
  9.934543E+00  5.988137E-01
  9.984591E+00  6.558557E-01
  1.003464E+01  7.183376E-01
  1.008469E+01  8.241824E-01
  1.013474E+01  9.291096E-01
  1.018478E+01  1.037826E+00
  1.023483E+01  1.186321E+00
  1.028488E+01  1.306184E+00
  1.033493E+01  1.471073E+00
  1.038498E+01  1.598223E+00
CA      F       
  2.502404E-02  0.000000E+00
  7.507212E-02  0.000000E+00
  1.251202E-01  0.000000E+00
  1.751683E-01  0.000000E+00
  2.252163E-01  0.000000E+00
  2.752644E-01  0.000000E+00
  3.253125E-01  0.000000E+00
  3.753606E-01  0.000000E+00
  4.254087E-01  0.000000E+00
  4.754567E-01  0.000000E+00
  5.255048E-01  0.000000E+00
  5.755529E-01  0.000000E+00
  6.256010E-01  0.000000E+00
  6.756490E-01  0.000000E+00
  7.256971E-01  0.000000E+00
  7.757452E-01  0.000000E+00
  8.257933E-01  0.000000E+00
  8.758413E-01  0.000000E+00
  9.258894E-01  0.000000E+00
  9.759375E-01  0.000000E+00
  1.025986E+00  0.000000E+00
  1.076034E+00  0.000000E+00
  1.126082E+00  0.000000E+00
  1.176130E+00  0.000000E+00
  1.226178E+00  0.000000E+00
  1.276226E+00  0.000000E+00
  1.326274E+00  0.000000E+00
  1.376322E+00  0.000000E+00
  1.426370E+00  0.000000E+00
  1.476418E+00  0.000000E+00
  1.526466E+00  0.000000E+00
  1.576514E+00  0.000000E+00
  1.626563E+00  0.000000E+00
  1.676611E+00  9.695698E-04
  1.726659E+00  6.703997E-03
  1.776707E+00  2.820463E-02
  1.826755E+00  1.181562E-01
  1.876803E+00  3.463917E-01
  1.926851E+00  7.605274E-01
  1.976899E+00  1.348777E+00
  2.026947E+00  2.079506E+00
  2.076995E+00  2.728138E+00
  2.127043E+00  3.303699E+00
  2.177091E+00  3.627588E+00
  2.227139E+00  3.707250E+00
  2.277188E+00  3.620903E+00
  2.327236E+00  3.428431E+00
  2.377284E+00  3.117125E+00
  2.427332E+00  2.709426E+00
  2.477380E+00  2.424462E+00
  2.527428E+00  2.118901E+00
  2.577476E+00  1.797542E+00
  2.627524E+00  1.562458E+00
  2.677572E+00  1.332125E+00
  2.727620E+00  1.132020E+00
  2.777668E+00  9.780790E-01
  2.827716E+00  8.402522E-01
  2.877764E+00  7.547819E-01
  2.927812E+00  6.645458E-01
  2.977861E+00  5.756978E-01
  3.027909E+00  4.937987E-01
  3.077957E+00  4.351955E-01
  3.128005E+00  3.948241E-01
  3.178053E+00  3.577494E-01
  3.228101E+00  3.210224E-01
  3.278149E+00  3.011498E-01
  3.328197E+00  2.687848E-01
  3.378245E+00  2.467891E-01
  3.428293E+00  2.469800E-01
  3.478341E+00  2.327900E-01
  3.528389E+00  2.349174E-01
  3.578438E+00  2.317270E-01
  3.628486E+00  2.482893E-01
  3.678534E+00  2.511134E-01
  3.728582E+00  2.763747E-01
  3.778630E+00  2.979913E-01
  3.828678E+00  3.376663E-01
  3.878726E+00  3.858364E-01
  3.928774E+00  4.379916E-01
  3.978822E+00  5.013631E-01
  4.028870E+00  5.876656E-01
  4.078918E+00  6.556278E-01
  4.128966E+00  7.597919E-01
  4.179014E+00  8.613050E-01
  4.229063E+00  9.842443E-01
  4.279111E+00  1.099543E+00
  4.329159E+00  1.235311E+00
  4.379207E+00  1.368742E+00
  4.429255E+00  1.515358E+00
  4.479303E+00  1.629984E+00
  4.529351E+00  1.715021E+00
  4.579399E+00  1.796795E+00
  4.629447E+00  1.863036E+00
  4.679495E+00  1.886879E+00
  4.729543E+00  1.862145E+00
  4.779591E+00  1.834965E+00
  4.829639E+00  1.782603E+00
  4.879688E+00  1.673155E+00
  4.929736E+00  1.575090E+00
  4.979784E+00  1.456244E+00
  5.029832E+00  1.334252E+00
  5.079880E+00  1.191622E+00
  5.129928E+00  1.075959E+00
  5.179976E+00  9.577831E-01
  5.230024E+00  8.589588E-01
  5.280072E+00  7.752606E-01
  5.330120E+00  7.162541E-01
  5.380168E+00  6.618099E-01
  5.430216E+00  6.295468E-01
  5.480264E+00  6.138354E-01
  5.530312E+00  6.295114E-01
  5.580361E+00  6.640186E-01
  5.630409E+00  6.949980E-01
  5.680457E+00  7.450885E-01
  5.730505E+00  8.074133E-01
  5.780553E+00  8.695166E-01
  5.830601E+00  9.381171E-01
  5.880649E+00  9.950971E-01
  5.930697E+00  1.051061E+00
  5.980745E+00  1.094886E+00
  6.030793E+00  1.130573E+00
  6.080841E+00  1.137126E+00
  6.130889E+00  1.130795E+00
  6.180937E+00  1.113698E+00
  6.230986E+00  1.101800E+00
  6.281034E+00  1.042512E+00
  6.331082E+00  1.011044E+00
  6.381130E+00  9.589439E-01
  6.431178E+00  8.956396E-01
  6.481226E+00  8.627407E-01
  6.531274E+00  8.173015E-01
  6.581322E+00  7.801456E-01
  6.631370E+00  7.487039E-01
  6.681418E+00  7.434723E-01
  6.731466E+00  7.375310E-01
  6.781514E+00  7.531582E-01
  6.831563E+00  7.637530E-01
  6.881611E+00  8.013002E-01
  6.931659E+00  8.346241E-01
  6.981707E+00  8.755062E-01
  7.031755E+00  9.260220E-01
  7.081803E+00  9.710055E-01
  7.131851E+00  1.008280E+00
  7.181899E+00  1.045412E+00
  7.231947E+00  1.078366E+00
  7.281995E+00  1.105177E+00
  7.332043E+00  1.122827E+00
  7.382091E+00  1.129544E+00
  7.432139E+00  1.136671E+00
  7.482188E+00  1.116663E+00
  7.532236E+00  1.108182E+00
  7.582284E+00  1.081274E+00
  7.632332E+00  1.060122E+00
  7.682380E+00  1.041474E+00
  7.732428E+00  1.023052E+00
  7.782476E+00  1.012051E+00
  7.832524E+00  1.012680E+00
  7.882572E+00  1.015025E+00
  7.932620E+00  1.024392E+00
  7.982668E+00  1.042755E+00
  8.032716E+00  1.060202E+00
  8.082764E+00  1.091129E+00
  8.132812E+00  1.123634E+00
  8.182861E+00  1.163596E+00
  8.232909E+00  1.190952E+00
  8.282957E+00  1.210280E+00
  8.333005E+00  1.222177E+00
  8.383053E+00  1.229774E+00
  8.433101E+00  1.232659E+00
  8.483149E+00  1.226061E+00
  8.533197E+00  1.204646E+00
  8.583245E+00  1.169464E+00
  8.633293E+00  1.142328E+00
  8.683341E+00  1.104436E+00
  8.733389E+00  1.054017E+00
  8.783437E+00  1.018804E+00
  8.833486E+00  9.809775E-01
  8.883534E+00  9.344268E-01
  8.933582E+00  9.016278E-01
  8.983630E+00  8.734174E-01
  9.033678E+00  8.458307E-01
  9.083726E+00  8.215611E-01
  9.133774E+00  8.003739E-01
  9.183822E+00  7.790492E-01
  9.233870E+00  7.649903E-01
  9.283918E+00  7.418383E-01
  9.333966E+00  7.380026E-01
  9.384014E+00  7.306984E-01
  9.434062E+00  7.363290E-01
  9.484111E+00  7.378105E-01
  9.534159E+00  7.443578E-01
  9.584207E+00  7.619746E-01
  9.634255E+00  7.809677E-01
  9.684303E+00  8.094485E-01
  9.734351E+00  8.368916E-01
  9.784399E+00  8.734599E-01
  9.834447E+00  9.057853E-01
  9.884495E+00  9.494833E-01
  9.934543E+00  9.820478E-01
  9.984591E+00  1.015444E+00
  1.003464E+01  1.040133E+00
  1.008469E+01  1.073002E+00
  1.013474E+01  1.095142E+00
  1.018478E+01  1.117943E+00
  1.023483E+01  1.126543E+00
  1.028488E+01  1.142121E+00
  1.033493E+01  1.159914E+00
  1.038498E+01  1.168154E+00
F       F       
  2.502404E-02  0.000000E+00
  7.507212E-02  0.000000E+00
  1.251202E-01  0.000000E+00
  1.751683E-01  0.000000E+00
  2.252163E-01  0.000000E+00
  2.752644E-01  0.000000E+00
  3.253125E-01  0.000000E+00
  3.753606E-01  0.000000E+00
  4.254087E-01  0.000000E+00
  4.754567E-01  0.000000E+00
  5.255048E-01  0.000000E+00
  5.755529E-01  0.000000E+00
  6.256010E-01  0.000000E+00
  6.756490E-01  0.000000E+00
  7.256971E-01  0.000000E+00
  7.757452E-01  0.000000E+00
  8.257933E-01  0.000000E+00
  8.758413E-01  0.000000E+00
  9.258894E-01  0.000000E+00
  9.759375E-01  0.000000E+00
  1.025986E+00  0.000000E+00
  1.076034E+00  0.000000E+00
  1.126082E+00  0.000000E+00
  1.176130E+00  0.000000E+00
  1.226178E+00  0.000000E+00
  1.276226E+00  0.000000E+00
  1.326274E+00  0.000000E+00
  1.376322E+00  0.000000E+00
  1.426370E+00  0.000000E+00
  1.476418E+00  0.000000E+00
  1.526466E+00  0.000000E+00
  1.576514E+00  0.000000E+00
  1.626563E+00  0.000000E+00
  1.676611E+00  0.000000E+00
  1.726659E+00  0.000000E+00
  1.776707E+00  0.000000E+00
  1.826755E+00  0.000000E+00
  1.876803E+00  0.000000E+00
  1.926851E+00  0.000000E+00
  1.976899E+00  0.000000E+00
  2.026947E+00  1.769040E-03
  2.076995E+00  4.843846E-03
  2.127043E+00  1.445820E-02
  2.177091E+00  3.181927E-02
  2.227139E+00  6.868670E-02
  2.277188E+00  1.340296E-01
  2.327236E+00  2.378665E-01
  2.377284E+00  3.692644E-01
  2.427332E+00  5.768575E-01
  2.477380E+00  8.063283E-01
  2.527428E+00  1.037121E+00
  2.577476E+00  1.284975E+00
  2.627524E+00  1.530612E+00
  2.677572E+00  1.692908E+00
  2.727620E+00  1.828329E+00
  2.777668E+00  1.935786E+00
  2.827716E+00  1.939909E+00
  2.877764E+00  1.887503E+00
  2.927812E+00  1.819605E+00
  2.977861E+00  1.720434E+00
  3.027909E+00  1.636482E+00
  3.077957E+00  1.499497E+00
  3.128005E+00  1.408627E+00
  3.178053E+00  1.299484E+00
  3.228101E+00  1.212684E+00
  3.278149E+00  1.153280E+00
  3.328197E+00  1.085638E+00
  3.378245E+00  1.059521E+00
  3.428293E+00  1.012966E+00
  3.478341E+00  1.019695E+00
  3.528389E+00  9.999497E-01
  3.578438E+00  1.007012E+00
  3.628486E+00  1.023313E+00
  3.678534E+00  1.042054E+00
  3.728582E+00  1.057596E+00
  3.778630E+00  1.069027E+00
  3.828678E+00  1.080929E+00
  3.878726E+00  1.089026E+00
  3.928774E+00  1.080175E+00
  3.978822E+00  1.089501E+00
  4.028870E+00  1.108611E+00
  4.078918E+00  1.102761E+00
  4.128966E+00  1.079334E+00
  4.179014E+00  1.086204E+00
  4.229063E+00  1.054856E+00
  4.279111E+00  1.040100E+00
  4.329159E+00  1.041739E+00
  4.379207E+00  1.022754E+00
  4.429255E+00  1.000142E+00
  4.479303E+00  9.654653E-01
  4.529351E+00  9.358326E-01
  4.579399E+00  9.177421E-01
  4.629447E+00  8.751144E-01
  4.679495E+00  8.450027E-01
  4.729543E+00  8.332252E-01
  4.779591E+00  8.088274E-01
  4.829639E+00  7.863475E-01
  4.879688E+00  7.671713E-01
  4.929736E+00  7.529445E-01
  4.979784E+00  7.470822E-01
  5.029832E+00  7.369935E-01
  5.079880E+00  7.322254E-01
  5.129928E+00  7.356500E-01
  5.179976E+00  7.473728E-01
  5.230024E+00  7.726975E-01
  5.280072E+00  7.756843E-01
  5.330120E+00  7.961719E-01
  5.380168E+00  8.048437E-01
  5.430216E+00  8.353081E-01
  5.480264E+00  8.589944E-01
  5.530312E+00  8.896814E-01
  5.580361E+00  9.169169E-01
  5.630409E+00  9.312113E-01
  5.680457E+00  9.628259E-01
  5.730505E+00  9.720334E-01
  5.780553E+00  1.012864E+00
  5.830601E+00  1.042320E+00
  5.880649E+00  1.067425E+00
  5.930697E+00  1.079166E+00
  5.980745E+00  1.109263E+00
  6.030793E+00  1.141514E+00
  6.080841E+00  1.159412E+00
  6.130889E+00  1.172636E+00
  6.180937E+00  1.221216E+00
  6.230986E+00  1.220491E+00
  6.281034E+00  1.248099E+00
  6.331082E+00  1.251678E+00
  6.381130E+00  1.262467E+00
  6.431178E+00  1.274615E+00
  6.481226E+00  1.278387E+00
  6.531274E+00  1.276292E+00
  6.581322E+00  1.278015E+00
  6.631370E+00  1.264871E+00
  6.681418E+00  1.245749E+00
  6.731466E+00  1.236096E+00
  6.781514E+00  1.217543E+00
  6.831563E+00  1.183572E+00
  6.881611E+00  1.157651E+00
  6.931659E+00  1.125546E+00
  6.981707E+00  1.083278E+00
  7.031755E+00  1.039524E+00
  7.081803E+00  9.955710E-01
  7.131851E+00  9.543707E-01
  7.181899E+00  9.161206E-01
  7.231947E+00  8.744565E-01
  7.281995E+00  8.313116E-01
  7.332043E+00  7.972870E-01
  7.382091E+00  7.682736E-01
  7.432139E+00  7.446545E-01
  7.482188E+00  7.260920E-01
  7.532236E+00  7.083399E-01
  7.582284E+00  7.035553E-01
  7.632332E+00  7.051517E-01
  7.682380E+00  7.166071E-01
  7.732428E+00  7.241671E-01
  7.782476E+00  7.348193E-01
  7.832524E+00  7.561001E-01
  7.882572E+00  7.850446E-01
  7.932620E+00  8.142115E-01
  7.982668E+00  8.498020E-01
  8.032716E+00  8.756023E-01
  8.082764E+00  9.091002E-01
  8.132812E+00  9.406658E-01
  8.182861E+00  9.805118E-01
  8.232909E+00  1.004149E+00
  8.282957E+00  1.037129E+00
  8.333005E+00  1.063621E+00
  8.383053E+00  1.090003E+00
  8.433101E+00  1.109516E+00
  8.483149E+00  1.130058E+00
  8.533197E+00  1.145215E+00
  8.583245E+00  1.155923E+00
  8.633293E+00  1.160162E+00
  8.683341E+00  1.170529E+00
  8.733389E+00  1.173983E+00
  8.783437E+00  1.168404E+00
  8.833486E+00  1.161140E+00
  8.883534E+00  1.158835E+00
  8.933582E+00  1.136723E+00
  8.983630E+00  1.140461E+00
  9.033678E+00  1.121358E+00
  9.083726E+00  1.112449E+00
  9.133774E+00  1.091077E+00
  9.183822E+00  1.074866E+00
  9.233870E+00  1.057471E+00
  9.283918E+00  1.041219E+00
  9.333966E+00  1.029823E+00
  9.384014E+00  1.012140E+00
  9.434062E+00  9.935388E-01
  9.484111E+00  9.854240E-01
  9.534159E+00  9.713574E-01
  9.584207E+00  9.583114E-01
  9.634255E+00  9.618303E-01
  9.684303E+00  9.516433E-01
  9.734351E+00  9.484030E-01
  9.784399E+00  9.480451E-01
  9.834447E+00  9.441601E-01
  9.884495E+00  9.510456E-01
  9.934543E+00  9.537494E-01
  9.984591E+00  9.649000E-01
  1.003464E+01  9.693930E-01
  1.008469E+01  9.852560E-01
  1.013474E+01  9.891095E-01
  1.018478E+01  1.001283E+00
  1.023483E+01  1.006633E+00
  1.028488E+01  1.019544E+00
  1.033493E+01  1.016651E+00
  1.038498E+01  1.020490E+00
